360

263 359 95
519 358 42
538 357 127
564 356 64
706 355 10
80 354 45
54 353 63
283 352 58
755 351 18
327 350 25
210 349 120
267 348 75
562 347 61
86 346 31
407 345 94
778 344 27
302 343 70
474 342 19
90 341 72
727 340 60
403 339 63
225 338 53
423 337 64
634 336 45
25 335 46
659 334 43
420 333 96
655 332 137
612 331 78
19 330 92
56 329 139
395 328 9
622 327 76
571 326 34
314 325 45
698 324 71
639 323 48
240 322 19
6 321 30
88 320 99
589 319 78
223 318 50
209 317 15
109 316 21
635 315 101
18 314 166
301 313 104
628 312 81
649 311 125
712 310 110
253 309 200
216 308 65
443 307 108
478 306 73
226 305 42
146 304 128
16 303 114
259 302 125
527 301 25
684 300 105
171 299 28
585 298 46
245 297 77
376 296 153
412 295 44
626 294 124
143 293 92
512 292 143
38 291 162
52 290 17
27 289 26
557 288 60
75 287 71
288 286 66
14 285 120
676 284 42
380 283 69
163 282 13
536 281 51
165 280 109
616 279 33
510 278 94
484 277 130
229 276 159
576 275 77
565 274 32
85 273 78
81 272 156
592 271 18
528 270 25
760 269 82
644 268 52
446 267 19
680 266 44
633 265 98
509 264 134
754 263 110
584 262 34
160 261 9
570 260 66
558 259 8
624 258 134
228 257 62
272 256 56
605 255 29
501 254 76
739 253 37
599 252 67
141 251 66
524 250 124
94 249 94
433 248 75
287 247 48
761 246 38
630 245 114
495 244 55
689 243 54
678 242 51
637 241 129
485 240 50
560 239 116
574 238 31
212 237 30
191 236 21
172 235 74
308 234 68
162 233 46
366 232 67
381 231 31
307 230 78
34 229 28
668 228 98
750 227 119
695 226 43
679 225 65
221 224 99
159 223 37
788 222 64
213 221 96
174 220 60
514 219 22
694 218 44
774 217 132
89 216 44
489 215 13
798 214 64
692 213 91
237 212 37
342 211 30
520 210 102
182 209 30
192 208 60
71 207 23
391 206 123
610 205 115
77 204 42
523 203 101
187 202 65
362 201 31
672 200 47
70 199 58
487 198 129
222 197 56
506 196 140
730 195 143
790 194 151
157 193 36
128 192 155
198 191 15
170 190 83
311 189 124
44 188 81
567 187 29
147 186 100
370 185 59
737 184 16
101 183 26
734 182 69
201 181 38
284 180 128
217 179 24
669 178 145
710 177 101
427 176 69
363 175 39
110 174 83
271 173 160
55 172 48
772 171 57
36 170 58
206 169 75
473 168 33
262 167 134
448 166 81
426 165 57
604 164 24
333 163 34
468 162 71
399 161 51
250 160 35
493 159 16
266 158 66
83 157 129
783 156 62
195 155 92
645 154 29
578 153 48
347 152 64
421 151 103
185 150 65
190 149 107
257 148 34
29 147 85
494 146 49
252 145 12
167 144 66
369 143 70
470 142 152
251 141 98
615 140 49
247 139 62
99 138 17
782 137 62
561 136 99
265 135 35
37 134 123
681 133 63
714 132 90
518 131 133
361 130 32
197 129 85
419 128 102
375 127 59
49 126 90
239 125 107
625 124 30
57 123 62
124 122 142
45 121 46
150 120 36
161 119 92
249 118 101
103 117 136
79 116 93
317 115 37
42 114 139
334 113 55
786 112 80
35 111 108
28 110 27
770 109 41
513 108 65
555 107 34
600 106 86
404 105 83
176 104 29
606 103 40
111 102 59
183 101 14
607 100 69
387 99 90
203 98 52
40 97 89
156 96 23
687 95 94
164 94 65
246 93 96
736 92 149
751 91 92
568 90 24
490 89 33
747 88 49
11 87 26
707 86 92
613 85 42
73 84 37
413 83 136
21 82 43
779 81 78
467 80 98
465 79 37
122 78 19
623 77 22
793 76 63
631 75 62
651 74 66
30 73 42
597 72 74
411 71 112
398 70 45
281 69 94
153 68 44
188 67 47
797 66 88
51 65 68
447 64 63
114 63 42
464 62 143
241 61 67
58 60 159
517 59 43
372 58 79
554 57 97
374 56 20
389 55 75
248 54 53
260 53 73
324 52 82
417 51 113
344 50 120
723 49 54
646 48 46
166 47 113
591 46 63
289 45 75
325 44 118
316 43 95
328 42 50
735 41 88
331 40 18
169 39 66
7 38 53
318 37 46
173 36 18
481 35 54
705 34 47
126 33 151
444 32 66
466 31 31
105 30 29
434 29 53
323 28 119
390 27 120
41 26 131
224 25 86
449 24 120
154 23 23
746 22 54
360 21 9
340 20 181
298 19 58
121 18 47
129 17 26
491 16 97
580 15 39
442 14 51
525 13 48
194 12 42
787 11 152
279 10 5
566 9 126
377 8 40
92 7 37
312 6 96
440 5 124
582 4 24
274 3 31
313 2 76
477 1 62
497 0 37
